275	137	23	26
277	135	21	28
280	135	21	28
279	135	22	29
279	136	26	29
279	137	19	28
272	145	21	24
269	152	23	26
267	150	22	27
271	155	21	26
273	158	21	25
280	154	19	20
282	144	19	23
279	144	20	28
282	134	18	22
282	134	18	22
282	134	18	22
282	134	18	22
282	134	18	22
282	134	18	22
279	66	18	26
281	55	23	32
283	52	21	30
283	52	19	31
281	49	20	32
287	59	16	28
288	64	21	31
286	69	20	30
287	72	24	28
282	74	23	28
279	71	24	30
280	63	20	26
279	56	24	30
280	57	23	29
276	56	24	27
276	56	24	27
276	56	24	27
276	56	24	27
276	56	24	27
276	56	24	27
272	39	25	32
266	33	23	30
264	27	21	28
266	26	20	30
264	31	20	26
259	34	23	30
252	35	24	30
252	35	24	29
252	35	24	31
259	45	22	27
269	58	22	31
276	62	22	29
286	68	23	28
286	67	22	30
295	74	23	32
295	74	23	32
295	74	23	32
295	74	23	32
295	74	23	32
295	74	23	32
261	92	25	28
253	82	24	32
251	78	26	34
246	76	29	36
243	73	27	36
243	72	25	36
241	69	26	37
241	67	27	39
242	71	26	39
244	68	23	39
242	65	26	43
238	64	30	39
240	66	25	40
239	64	29	39
241	69	24	36
241	69	24	36
241	69	24	36
241	69	24	36
241	69	24	36
241	69	24	36
225	110	29	33
217	106	27	33
209	105	26	32
211	104	25	37
196	105	30	34
188	108	31	37
190	104	29	34
191	99	25	32
186	98	29	35
184	98	33	36
186	97	32	41
189	102	34	36
193	93	32	42
195	96	31	39
197	94	30	39
197	94	30	39
197	94	30	39
197	94	30	39
197	94	30	39
197	94	30	39
179	102	25	33
176	101	25	36
170	103	27	39
168	104	28	36
166	112	27	35
167	109	28	37
168	108	23	34
163	98	26	38
165	95	26	40
157	91	29	35
153	79	27	37
151	72	28	37
145	60	26	34
146	60	27	33
135	48	27	36
135	48	27	36
135	48	27	36
135	48	27	36
135	48	27	36
135	48	27	36
138	39	31	43
143	49	31	37
149	58	29	38
151	59	29	43
156	67	29	39
156	78	33	38
157	86	32	43
159	96	35	41
159	94	31	46
171	103	29	38
182	104	37	41
192	101	32	38
196	92	36	44
196	91	36	43
204	82	35	43
204	82	35	43
204	82	35	43
204	82	35	43
204	82	35	43
204	82	35	43
193	26	33	44
188	17	38	47
189	10	31	44
186	9	38	43
188	4	30	39
188	4	34	43
187	7	34	44
183	11	35	40
185	12	35	42
177	21	35	40
167	32	36	40
156	51	33	42
155	67	34	43
153	69	31	41
145	77	32	40
145	77	32	40
145	77	32	40
145	77	32	40
145	77	32	40
145	77	32	40
125	49	32	38
119	37	32	42
113	35	34	38
113	33	33	42
114	41	31	40
116	50	36	41
126	52	30	39
136	52	29	41
135	53	33	42
146	56	31	36
154	54	29	37
163	47	31	43
162	43	32	39
164	38	30	40
161	31	28	38
161	31	28	38
161	31	28	38
161	31	28	38
161	31	28	38
161	31	28	38
174	65	30	37
180	77	29	38
183	81	29	42
183	82	29	37
185	83	30	41
184	86	29	35
185	84	28	41
183	85	29	40
183	84	33	40
189	90	27	38
185	93	34	42
189	101	34	40
194	110	34	37
192	109	35	41
202	118	32	42
202	118	32	42
202	118	32	42
202	118	32	42
202	118	32	42
202	118	32	42
197	135	43	35
199	136	34	38
193	134	39	36
193	133	40	40
193	133	36	36
191	138	39	33
196	140	35	33
191	138	41	35
192	138	38	36
194	135	37	30
200	129	31	35
201	123	35	29
202	117	36	36
204	112	35	37
201	114	32	37
201	114	32	37
201	114	32	37
201	114	32	37
201	114	32	37
201	114	32	37
222	109	32	35
226	103	36	33
229	93	34	33
227	91	38	36
227	85	42	36
229	77	35	38
226	77	40	40
228	81	39	37
229	81	36	37
226	84	36	40
223	88	43	40
224	97	34	38
222	95	33	42
219	91	36	45
223	94	36	45
223	94	36	45
223	94	36	45
223	94	36	45
223	94	36	45
223	94	36	45
245	57	29	37
250	56	33	41
256	53	25	34
253	54	26	39
257	51	29	33
263	41	27	40
266	35	27	40
273	33	27	39
273	32	26	40
276	33	27	39
275	30	26	40
275	34	29	43
275	38	28	40
276	40	26	37
275	47	26	40
275	47	26	40
275	47	26	40
275	47	26	40
275	47	26	40
275	47	26	40
272	73	26	39
272	73	27	39
270	66	33	43
272	66	26	39
272	61	31	40
274	59	28	39
272	53	30	43
272	50	27	35
273	51	29	39
273	48	27	39
275	46	32	37
279	44	26	41
279	46	30	40
277	45	32	40
276	48	30	36
276	48	30	36
276	48	30	36
276	48	30	36
276	48	30	36
276	48	30	36
269	66	25	36
264	65	29	40
253	65	29	39
254	64	30	42
244	67	31	38
240	67	28	43
231	66	32	44
224	66	31	45
223	67	29	38
219	67	28	43
208	69	35	46
207	81	35	46
202	91	34	42
200	90	35	44
200	95	33	44
276	48	30	36
276	48	30	36
276	48	30	36
276	48	30	36
276	48	30	36
208	125	43	37
206	128	40	39
208	135	45	35
210	133	42	34
207	132	44	40
208	134	44	36
205	138	46	33
208	140	46	36
207	137	46	39
212	139	43	39
210	141	43	37
207	140	47	39
209	142	46	39
212	144	44	36
212	143	42	38
212	143	42	38
212	143	42	38
212	143	42	38
212	143	42	38
212	143	42	38
215	166	49	38
215	163	49	39
223	162	46	34
224	164	42	31
226	157	45	36
224	143	44	38
227	135	43	37
231	126	42	35
232	126	40	36
237	120	38	34
237	109	42	42
240	100	42	42
244	94	37	38
244	92	35	41
249	88	36	39
249	88	36	39
249	88	36	39
249	88	36	39
249	88	36	39
249	88	36	39
269	57	32	43
271	56	33	39
273	54	33	41
271	53	35	41
271	56	33	41
271	59	32	42
272	63	33	41
278	66	30	39
276	65	33	40
284	68	32	42
288	67	34	44
294	71	36	40
298	69	34	40
299	69	31	41
303	70	36	42
303	70	36	42
303	70	36	42
303	70	36	42
303	70	36	42
303	70	36	42
347	78	37	44
351	82	37	35
352	80	41	38
353	80	41	40
351	76	41	41
354	73	40	40
356	76	37	39
348	82	42	37
349	79	40	37
350	85	43	38
352	88	39	35
356	99	39	31
366	105	36	36
364	110	38	31
371	122	39	31
379	137	40	32
